25/7/2010	23:10:00	5.622	0.0	241.28	23.4	0.0	70.0	12.0
25/7/2010	23:11:00	5.916	0.0	240.55	24.6	0.0	75.0	19.0
25/7/2010	23:12:00	5.798	0.0	240.52	24.0	0.0	74.0	19.0
25/7/2010	23:13:00	5.844	0.07	240.6	24.2	0.0	75.0	19.0
25/7/2010	23:14:00	5.832	0.102	240.39	24.2	0.0	74.0	18.0
25/7/2010	23:15:00	5.798	0.082	239.97	24.0	0.0	74.0	19.0
27/8/2010	15:53:00	5.122	0.332	239.01	21.4	0.0	75.0	1.0
27/8/2010	15:54:00	5.062	0.312	238.94	21.2	0.0	74.0	1.0
27/8/2010	17:41:00	5.004	0.348	241.08	20.8	0.0	76.0	1.0
27/8/2010	17:44:00	5.33	0.446	239.47	22.4	0.0	75.0	6.0
27/8/2010	17:45:00	5.278	0.56	238.82	22.4	0.0	73.0	11.0
27/8/2010	18:51:00	5.194	0.452	237.83	21.8	0.0	36.0	30.0
27/8/2010	18:52:00	5.076	0.402	238.62	21.2	0.0	36.0	30.0
27/8/2010	20:01:00	5.304	0.838	238.07	22.6	0.0	37.0	13.0
28/8/2010	13:09:00	5.042	0.688	239.28	21.6	36.0	1.0	19.0
29/8/2010	21:16:00	5.196	0.0	235.38	22.0	37.0	0.0	18.0
29/8/2010	21:17:00	5.434	0.0	234.03	23.2	37.0	0.0	17.0
29/8/2010	21:18:00	5.578	0.088	235.41	23.6	36.0	0.0	18.0
29/8/2010	21:19:00	5.318	0.132	236.48	22.4	37.0	0.0	18.0
29/8/2010	21:20:00	5.086	0.0	236.85	21.4	37.0	0.0	17.0
29/8/2010	21:21:00	5.054	0.0	236.18	21.4	37.0	0.0	18.0
29/8/2010	21:22:00	5.074	0.0	236.71	21.4	37.0	0.0	18.0
29/8/2010	21:23:00	5.052	0.0	236.34	21.2	37.0	0.0	18.0
29/8/2010	21:24:00	5.024	0.0	235.67	21.2	37.0	0.0	17.0
30/8/2010	14:49:00	5.12	0.35	238.67	21.4	37.0	0.0	29.0
3/9/2010	12:15:00	5.5	0.248	233.17	23.6	0.0	0.0	18.0
6/9/2010	17:35:00	5.074	0.396	236.69	22.0	32.0	0.0	17.0
7/9/2010	19:43:00	5.142	0.082	238.52	21.8	13.0	0.0	18.0
7/9/2010	19:44:00	5.192	0.082	238.81	22.0	15.0	0.0	18.0
9/9/2010	20:07:00	5.038	0.152	239.41	21.2	49.0	17.0	7.0
9/9/2010	20:08:00	6.426	0.104	237.61	27.2	48.0	30.0	18.0
12/9/2010	12:51:00	5.156	0.774	241.49	21.8	50.0	2.0	0.0
12/9/2010	12:52:00	5.074	0.718	241.04	21.4	49.0	1.0	1.0
16/9/2010	20:42:00	5.28	0.0	235.26	22.4	37.0	1.0	17.0
16/9/2010	20:43:00	5.036	0.0	235.18	21.4	36.0	1.0	18.0
16/9/2010	20:44:00	5.022	0.0	234.97	21.2	37.0	2.0	17.0
16/9/2010	20:45:00	5.052	0.068	234.38	21.4	37.0	1.0	18.0
16/9/2010	20:46:00	5.056	0.14	233.2	21.6	36.0	1.0	17.0
16/9/2010	20:47:00	5.052	0.142	233.37	21.6	36.0	1.0	17.0
16/9/2010	20:48:00	5.048	0.142	233.39	21.6	36.0	1.0	18.0
16/9/2010	20:49:00	5.046	0.142	233.45	21.6	36.0	1.0	17.0
16/9/2010	20:50:00	5.04	0.142	233.25	21.6	36.0	1.0	17.0
16/9/2010	20:51:00	5.022	0.144	233.09	21.4	36.0	1.0	18.0
16/9/2010	20:52:00	5.014	0.144	233.03	21.4	36.0	1.0	17.0
17/9/2010	16:26:00	5.73	0.09	237.23	24.0	0.0	67.0	18.0
17/9/2010	16:27:00	5.72	0.11	237.28	24.0	0.0	72.0	18.0
17/9/2010	16:28:00	5.718	0.092	237.53	24.0	0.0	73.0	18.0
17/9/2010	16:29:00	5.722	0.108	237.27	24.0	0.0	72.0	18.0
17/9/2010	16:30:00	5.714	0.086	237.07	24.0	0.0	73.0	18.0
17/9/2010	16:31:00	5.758	0.106	237.8	24.2	0.0	73.0	18.0
17/9/2010	16:32:00	5.752	0.088	237.97	24.0	0.0	73.0	18.0
17/9/2010	18:59:00	5.504	0.402	237.3	23.8	22.0	61.0	0.0
17/9/2010	19:00:00	5.154	0.39	237.64	21.8	6.0	73.0	1.0
17/9/2010	19:04:00	5.39	0.394	237.95	22.8	1.0	74.0	1.0
17/9/2010	19:05:00	5.36	0.38	236.18	23.0	1.0	73.0	0.0
17/9/2010	19:10:00	5.566	0.166	237.97	23.4	38.0	33.0	19.0
17/9/2010	19:11:00	5.064	0.198	237.58	21.4	37.0	26.0	18.0
17/9/2010	19:12:00	5.226	0.248	236.4	22.2	38.0	27.0	18.0
17/9/2010	19:13:00	5.348	0.232	237.27	22.6	37.0	31.0	18.0
17/9/2010	19:15:00	5.526	0.268	236.0	23.4	37.0	36.0	18.0
17/9/2010	19:17:00	5.548	0.238	236.08	23.4	37.0	35.0	18.0
17/9/2010	20:30:00	5.222	0.07	238.12	22.0	38.0	29.0	1.0
17/9/2010	20:32:00	5.458	0.116	237.22	23.2	37.0	25.0	1.0
17/9/2010	20:33:00	5.494	0.108	236.67	23.2	37.0	33.0	1.0
17/9/2010	20:35:00	5.706	0.238	236.32	24.0	37.0	36.0	1.0
17/9/2010	20:37:00	5.216	0.246	236.57	22.0	37.0	30.0	1.0
20/9/2010	12:17:00	5.234	0.46	235.56	22.2	37.0	1.0	17.0
20/9/2010	12:18:00	5.178	0.412	235.09	22.0	36.0	2.0	18.0
20/9/2010	20:58:00	5.358	0.19	237.31	22.6	37.0	0.0	18.0
20/9/2010	20:59:00	5.856	0.384	236.46	24.8	37.0	0.0	28.0
20/9/2010	21:00:00	6.044	0.384	236.6	25.6	37.0	0.0	28.0
20/9/2010	21:01:00	6.048	0.384	236.6	25.6	38.0	0.0	28.0
20/9/2010	21:02:00	6.164	0.38	236.66	26.0	37.0	0.0	29.0
20/9/2010	21:03:00	6.17	0.372	236.57	26.0	37.0	0.0	29.0
20/9/2010	21:04:00	5.41	0.246	237.03	22.8	37.0	0.0	23.0
20/9/2010	21:05:00	5.222	0.164	237.28	22.0	37.0	0.0	18.0
20/9/2010	21:06:00	5.332	0.074	237.73	22.4	37.0	0.0	18.0
2/10/2010	20:23:00	6.324	0.114	237.36	27.0	53.0	1.0	18.0
2/10/2010	20:24:00	6.03	0.136	237.69	25.6	53.0	1.0	18.0
2/10/2010	20:25:00	6.414	0.126	237.62	27.2	53.0	2.0	18.0
2/10/2010	20:26:00	5.82	0.174	238.1	24.6	54.0	1.0	18.0
2/10/2010	20:27:00	5.566	0.264	237.67	23.6	53.0	2.0	18.0
2/10/2010	20:28:00	5.576	0.312	237.24	23.6	54.0	1.0	18.0
2/10/2010	20:29:00	5.606	0.316	238.1	23.6	53.0	1.0	18.0
2/10/2010	20:30:00	5.63	0.318	238.76	23.6	54.0	2.0	18.0
2/10/2010	20:31:00	5.67	0.324	239.82	23.8	54.0	1.0	18.0
2/10/2010	20:32:00	5.644	0.322	239.38	23.6	55.0	1.0	19.0
2/10/2010	20:33:00	5.666	0.324	239.95	23.8	54.0	2.0	18.0
2/10/2010	20:34:00	5.626	0.32	239.14	23.6	54.0	1.0	18.0
2/10/2010	20:35:00	5.654	0.324	239.85	23.6	54.0	1.0	18.0
2/10/2010	20:36:00	5.606	0.248	239.93	23.4	55.0	2.0	19.0
2/10/2010	20:37:00	5.578	0.222	239.81	23.4	54.0	1.0	18.0
2/10/2010	20:38:00	5.54	0.218	238.92	23.2	54.0	1.0	18.0
2/10/2010	20:39:00	5.524	0.216	238.58	23.2	54.0	2.0	18.0
2/10/2010	20:40:00	5.486	0.168	238.43	23.0	53.0	1.0	18.0
2/10/2010	20:41:00	5.418	0.086	238.2	22.8	54.0	1.0	18.0
2/10/2010	20:42:00	5.37	0.084	237.14	22.6	53.0	1.0	18.0
2/10/2010	20:43:00	5.142	0.084	236.97	21.8	49.0	1.0	18.0
2/10/2010	20:45:00	5.014	0.314	236.91	21.4	37.0	1.0	28.0
2/10/2010	20:46:00	5.348	0.314	236.86	22.8	42.0	1.0	28.0
2/10/2010	20:47:00	5.476	0.31	236.7	23.4	44.0	1.0	29.0
2/10/2010	20:48:00	5.304	0.312	236.7	22.6	41.0	1.0	29.0
2/10/2010	20:49:00	5.424	0.308	236.33	23.0	43.0	2.0	28.0
2/10/2010	20:54:00	5.32	0.218	235.36	22.6	43.0	1.0	17.0
2/10/2010	20:56:00	5.23	0.348	236.8	22.0	43.0	1.0	18.0
2/10/2010	20:57:00	5.362	0.412	236.76	22.6	44.0	1.0	18.0
2/10/2010	21:00:00	5.244	0.198	236.75	22.0	43.0	1.0	18.0
2/10/2010	21:03:00	5.316	0.296	236.71	22.4	43.0	1.0	17.0
2/10/2010	21:04:00	5.308	0.296	236.62	22.4	43.0	1.0	18.0
2/10/2010	21:06:00	5.316	0.3	237.06	22.4	44.0	1.0	18.0
2/10/2010	21:07:00	5.318	0.302	237.26	22.4	43.0	1.0	18.0
2/10/2010	21:09:00	5.336	0.306	237.82	22.4	42.0	1.0	18.0
2/10/2010	21:10:00	5.262	0.198	238.08	22.0	44.0	1.0	18.0
2/10/2010	21:13:00	5.166	0.078	237.86	21.6	44.0	1.0	17.0
2/10/2010	21:14:00	5.148	0.078	237.5	21.6	43.0	2.0	18.0
2/10/2010	21:16:00	5.134	0.078	237.19	21.6	42.0	1.0	18.0
2/10/2010	21:17:00	5.14	0.078	237.42	21.6	43.0	1.0	17.0
2/10/2010	21:20:00	5.242	0.074	235.9	22.2	43.0	1.0	18.0
2/10/2010	21:30:00	5.028	0.206	236.37	21.2	43.0	1.0	18.0
2/10/2010	21:35:00	5.102	0.212	237.59	21.4	42.0	2.0	18.0
2/10/2010	21:36:00	5.214	0.21	237.42	21.8	43.0	1.0	18.0
3/10/2010	09:43:00	5.074	0.142	237.14	21.8	26.0	39.0	17.0
3/10/2010	09:49:00	5.892	0.134	235.36	25.0	37.0	39.0	18.0
3/10/2010	09:50:00	5.744	0.13	235.72	24.4	37.0	38.0	17.0
3/10/2010	09:55:00	5.356	0.196	235.13	23.2	37.0	31.0	18.0
3/10/2010	11:27:00	6.202	0.184	237.77	26.4	35.0	38.0	17.0
3/10/2010	11:30:00	6.276	0.178	236.44	26.8	35.0	37.0	17.0
3/10/2010	11:31:00	5.026	0.198	240.56	21.4	16.0	38.0	19.0
3/10/2010	11:33:00	6.792	0.43	239.47	28.6	36.0	39.0	28.0
3/10/2010	11:34:00	5.374	0.448	240.64	22.8	17.0	38.0	29.0
3/10/2010	11:36:00	6.796	0.432	239.65	28.6	34.0	39.0	30.0
3/10/2010	11:37:00	5.626	0.436	241.1	24.8	31.0	31.0	29.0
3/10/2010	20:04:00	5.04	0.208	235.99	21.4	0.0	30.0	1.0
3/10/2010	20:08:00	5.28	0.154	236.44	22.4	0.0	36.0	0.0
3/10/2010	20:13:00	5.082	0.386	236.98	21.4	0.0	37.0	6.0
3/10/2010	20:14:00	5.28	0.454	237.52	22.2	0.0	36.0	12.0
3/10/2010	20:16:00	5.234	0.466	235.82	22.2	0.0	32.0	12.0
4/10/2010	20:05:00	5.004	0.0	233.95	21.4	36.0	1.0	18.0
4/10/2010	20:06:00	5.148	0.0	234.63	21.8	37.0	1.0	17.0
4/10/2010	20:07:00	5.018	0.0	235.56	21.2	36.0	1.0	18.0
4/10/2010	20:10:00	5.176	0.0	235.41	22.0	36.0	1.0	18.0
4/10/2010	20:11:00	5.024	0.0	233.44	21.4	36.0	1.0	17.0
4/10/2010	20:13:00	5.006	0.068	235.62	21.2	37.0	1.0	18.0
4/10/2010	20:14:00	5.212	0.15	235.72	22.0	36.0	1.0	18.0
5/10/2010	14:12:00	5.252	0.396	235.19	22.4	0.0	38.0	17.0
8/10/2010	21:21:00	5.226	0.182	236.95	22.0	37.0	1.0	18.0
10/10/2010	18:56:00	5.168	0.396	234.65	22.4	30.0	0.0	18.0
10/10/2010	18:57:00	5.49	0.454	233.86	23.4	36.0	0.0	18.0
10/10/2010	18:58:00	5.214	0.47	234.79	22.2	37.0	0.0	18.0
10/10/2010	18:59:00	5.21	0.486	235.26	22.2	37.0	0.0	18.0
10/10/2010	19:00:00	5.722	0.45	234.72	24.4	36.0	0.0	17.0
10/10/2010	19:01:00	5.59	0.43	235.05	23.8	37.0	0.0	18.0
10/10/2010	19:02:00	5.54	0.364	234.65	23.6	36.0	0.0	17.0
10/10/2010	19:03:00	5.53	0.366	233.44	23.6	36.0	0.0	18.0
10/10/2010	19:10:00	5.796	0.392	235.06	25.0	28.0	0.0	27.0
10/10/2010	19:11:00	6.056	0.552	234.95	25.8	37.0	0.0	29.0
10/10/2010	19:15:00	5.84	0.57	234.45	25.2	29.0	0.0	29.0
10/10/2010	19:16:00	5.81	0.554	234.77	24.8	37.0	0.0	28.0
10/10/2010	19:17:00	5.63	0.546	234.31	24.0	36.0	0.0	29.0
10/10/2010	19:18:00	5.63	0.642	233.7	24.2	36.0	0.0	29.0
10/10/2010	19:19:00	5.612	0.656	233.79	24.0	36.0	1.0	28.0
10/10/2010	19:20:00	5.536	0.576	233.5	23.8	36.0	1.0	27.0
10/10/2010	20:41:00	5.806	0.406	235.23	25.4	31.0	1.0	18.0
10/10/2010	20:42:00	5.48	0.344	235.74	23.4	31.0	1.0	18.0
10/10/2010	20:45:00	6.892	0.464	234.13	29.8	31.0	1.0	18.0
10/10/2010	20:46:00	5.118	0.354	236.23	22.2	32.0	1.0	17.0
10/10/2010	20:58:00	5.068	0.482	236.68	21.8	32.0	2.0	18.0
10/10/2010	20:59:00	5.062	0.538	236.94	21.8	31.0	1.0	18.0
10/10/2010	21:00:00	5.038	0.532	236.73	21.8	32.0	1.0	18.0
10/10/2010	21:01:00	5.068	0.556	236.66	21.8	32.0	1.0	17.0
10/10/2010	21:05:00	5.268	0.952	237.43	22.8	23.0	1.0	27.0
10/10/2010	21:06:00	5.198	0.822	237.56	22.4	21.0	2.0	29.0
10/10/2010	21:07:00	5.104	0.77	238.15	22.0	21.0	1.0	29.0
10/10/2010	21:23:00	5.642	0.344	236.22	23.8	38.0	1.0	18.0
10/10/2010	21:24:00	5.63	0.342	236.11	23.8	37.0	1.0	18.0
10/10/2010	21:25:00	5.622	0.344	236.48	23.8	37.0	1.0	17.0
10/10/2010	21:26:00	5.608	0.346	236.83	23.6	38.0	1.0	18.0
10/10/2010	21:27:00	5.318	0.21	236.82	22.4	37.0	1.0	18.0
10/10/2010	21:28:00	5.796	0.216	236.23	24.4	37.0	1.0	18.0
10/10/2010	21:29:00	5.684	0.286	236.41	24.0	37.0	1.0	17.0
10/10/2010	21:30:00	5.81	0.286	236.51	24.6	37.0	2.0	18.0
10/10/2010	21:31:00	5.112	0.294	237.0	22.0	28.0	1.0	18.0
11/10/2010	19:17:00	5.376	0.216	232.82	23.0	0.0	70.0	1.0
11/10/2010	19:19:00	5.358	0.216	232.61	23.0	0.0	70.0	1.0
11/10/2010	19:20:00	5.338	0.23	232.06	23.0	0.0	70.0	1.0
11/10/2010	19:21:00	5.352	0.216	232.75	23.0	0.0	70.0	0.0
11/10/2010	19:22:00	5.398	0.332	231.77	23.2	0.0	70.0	1.0
11/10/2010	19:23:00	5.416	0.374	231.63	23.4	0.0	70.0	0.0
11/10/2010	19:24:00	5.67	0.45	231.82	24.6	0.0	70.0	1.0
11/10/2010	19:25:00	5.936	0.396	231.52	25.6	0.0	69.0	1.0
11/10/2010	19:26:00	5.862	0.338	230.98	25.4	0.0	70.0	0.0
11/10/2010	21:35:00	5.65	0.112	236.37	23.8	37.0	35.0	1.0
11/10/2010	21:36:00	5.71	0.106	236.31	24.0	37.0	35.0	0.0
11/10/2010	21:38:00	5.646	0.078	234.79	24.2	36.0	31.0	10.0
11/10/2010	21:39:00	5.938	0.086	234.46	25.4	37.0	32.0	18.0
11/10/2010	21:40:00	5.138	0.092	235.17	21.8	36.0	16.0	18.0
11/10/2010	21:41:00	6.158	0.082	234.28	26.2	37.0	34.0	18.0
11/10/2010	21:42:00	5.374	0.0	235.21	22.8	36.0	24.0	17.0
11/10/2010	21:43:00	5.496	0.0	235.04	23.4	37.0	23.0	18.0
11/10/2010	21:44:00	5.812	0.0	234.62	24.8	36.0	32.0	18.0
12/10/2010	18:35:00	5.012	0.248	238.0	21.2	48.0	0.0	19.0
12/10/2010	18:57:00	5.1	0.608	236.02	22.2	23.0	0.0	29.0
12/10/2010	18:58:00	5.696	0.574	235.63	24.4	35.0	0.0	28.0
14/10/2010	18:46:00	5.356	0.316	236.3	22.8	48.0	0.0	4.0
14/10/2010	18:47:00	6.298	0.324	235.84	26.8	47.0	0.0	18.0
14/10/2010	18:48:00	6.276	0.32	235.7	26.6	48.0	0.0	19.0
14/10/2010	18:49:00	6.234	0.31	235.39	26.6	47.0	0.0	18.0
14/10/2010	18:50:00	6.05	0.31	235.79	25.8	44.0	0.0	18.0
14/10/2010	18:53:00	5.08	0.32	237.15	21.8	28.0	0.0	18.0
14/10/2010	19:23:00	5.976	0.258	234.13	25.8	12.0	0.0	18.0
14/10/2010	19:24:00	6.12	0.254	233.52	26.6	14.0	0.0	17.0
14/10/2010	19:25:00	6.224	0.252	233.29	27.0	17.0	0.0	17.0
14/10/2010	19:26:00	6.162	0.248	232.84	26.8	16.0	0.0	18.0
14/10/2010	19:50:00	6.164	0.232	235.57	26.8	1.0	0.0	18.0
14/10/2010	19:51:00	5.688	0.218	237.44	24.4	0.0	1.0	18.0
14/10/2010	19:52:00	5.318	0.22	238.31	22.2	0.0	1.0	18.0
14/10/2010	19:53:00	5.828	0.19	237.64	25.0	0.0	1.0	18.0
14/10/2010	19:54:00	6.15	0.194	237.0	25.8	1.0	2.0	17.0
14/10/2010	21:29:00	5.132	0.096	237.84	21.6	38.0	0.0	18.0
18/10/2010	09:18:00	6.276	0.208	236.54	26.4	0.0	72.0	18.0
18/10/2010	09:19:00	6.286	0.23	236.65	26.4	0.0	73.0	18.0
18/10/2010	09:20:00	6.224	0.122	237.01	26.2	0.0	72.0	17.0
18/10/2010	09:21:00	6.222	0.128	236.77	26.2	0.0	72.0	18.0
18/10/2010	09:22:00	6.216	0.106	236.36	26.2	0.0	72.0	18.0
18/10/2010	09:23:00	6.206	0.122	236.15	26.2	0.0	72.0	18.0
18/10/2010	09:24:00	6.182	0.102	235.95	26.2	0.0	72.0	17.0
18/10/2010	09:25:00	6.272	0.18	236.53	26.4	0.0	73.0	18.0
18/10/2010	09:26:00	6.29	0.23	236.15	26.6	0.0	71.0	18.0
18/10/2010	09:27:00	6.186	0.25	236.28	26.2	0.0	73.0	18.0
18/10/2010	10:43:00	5.284	0.062	238.77	22.4	0.0	66.0	18.0
18/10/2010	10:44:00	5.774	0.068	238.24	24.2	0.0	74.0	18.0
18/10/2010	10:45:00	5.776	0.066	238.38	24.2	0.0	74.0	18.0
18/10/2010	10:46:00	5.752	0.066	237.79	24.2	0.0	74.0	18.0
18/10/2010	10:47:00	5.556	0.068	238.67	23.2	0.0	72.0	18.0
18/10/2010	10:49:00	5.692	0.05	236.29	24.0	0.0	72.0	17.0
18/10/2010	10:50:00	5.728	0.108	236.27	24.2	0.0	73.0	18.0
18/10/2010	10:52:00	5.468	0.202	238.68	23.0	0.0	69.0	18.0
18/10/2010	12:06:00	5.632	0.298	237.35	24.0	1.0	64.0	18.0
18/10/2010	12:07:00	5.952	0.304	236.91	25.0	1.0	74.0	18.0
18/10/2010	12:08:00	5.936	0.286	236.79	25.0	1.0	73.0	18.0
18/10/2010	12:09:00	6.0	0.31	238.13	25.2	2.0	74.0	18.0
18/10/2010	12:10:00	5.516	0.302	239.26	23.2	1.0	67.0	18.0
18/10/2010	12:11:00	5.232	0.32	238.78	22.0	1.0	60.0	18.0
18/10/2010	12:12:00	5.974	0.286	237.55	25.0	1.0	74.0	18.0
18/10/2010	12:13:00	5.528	0.306	237.47	23.4	1.0	68.0	18.0
18/10/2010	12:14:00	5.1	0.298	238.03	21.4	1.0	57.0	18.0
18/10/2010	12:54:00	5.502	0.222	238.6	23.2	37.0	32.0	18.0
18/10/2010	12:56:00	5.452	0.224	238.72	22.8	38.0	31.0	18.0
18/10/2010	12:58:00	5.376	0.218	237.64	22.6	37.0	30.0	18.0
18/10/2010	12:59:00	5.004	0.22	238.31	21.0	38.0	21.0	18.0
18/10/2010	13:00:00	5.346	0.218	237.76	22.6	37.0	31.0	18.0
18/10/2010	13:35:00	5.88	0.166	236.97	24.8	0.0	73.0	18.0
18/10/2010	13:36:00	5.876	0.182	236.7	24.8	0.0	74.0	18.0
18/10/2010	13:37:00	5.682	0.164	236.43	24.0	0.0	72.0	18.0
18/10/2010	13:39:00	5.886	0.16	236.64	24.8	0.0	72.0	18.0
18/10/2010	13:40:00	5.49	0.184	236.97	23.2	0.0	69.0	18.0
18/10/2010	13:41:00	5.004	0.174	237.68	21.0	0.0	58.0	18.0
18/10/2010	13:42:00	5.916	0.182	237.23	24.8	0.0	74.0	18.0
18/10/2010	13:43:00	5.118	0.276	237.85	21.6	0.0	61.0	18.0
18/10/2010	13:44:00	5.556	0.286	237.26	23.4	0.0	66.0	18.0
18/10/2010	13:45:00	5.524	0.27	237.42	23.4	0.0	68.0	18.0
18/10/2010	18:36:00	5.02	0.366	238.53	21.0	0.0	36.0	19.0
18/10/2010	18:37:00	5.658	0.378	236.26	24.0	0.0	30.0	17.0
18/10/2010	18:38:00	5.332	0.374	237.16	22.6	0.0	21.0	18.0
18/10/2010	18:39:00	6.026	0.26	235.55	25.6	0.0	35.0	18.0
18/10/2010	18:40:00	5.314	0.27	236.3	22.6	0.0	26.0	18.0
18/10/2010	18:41:00	5.44	0.25	236.12	23.2	0.0	24.0	18.0
18/10/2010	18:42:00	5.998	0.258	235.04	25.4	0.0	36.0	17.0
18/10/2010	18:44:00	5.902	0.384	235.17	25.2	0.0	31.0	17.0
18/10/2010	18:45:00	5.5	0.372	235.7	23.4	0.0	27.0	18.0
18/10/2010	18:46:00	5.44	0.388	235.18	23.2	0.0	23.0	18.0
18/10/2010	18:47:00	5.826	0.36	234.33	25.0	0.0	33.0	17.0
18/10/2010	18:48:00	5.048	0.392	235.58	21.4	0.0	17.0	18.0
18/10/2010	18:49:00	6.07	0.356	234.41	25.8	0.0	35.0	17.0
18/10/2010	18:50:00	5.036	0.392	235.74	21.4	0.0	20.0	18.0
18/10/2010	18:51:00	5.788	0.356	234.06	24.8	0.0	30.0	17.0
18/10/2010	18:52:00	5.336	0.38	234.41	22.8	0.0	25.0	18.0
18/10/2010	18:53:00	5.46	0.362	234.29	23.4	0.0	24.0	17.0
18/10/2010	18:54:00	5.616	0.374	233.74	24.0	0.0	31.0	18.0
18/10/2010	18:55:00	5.066	0.25	235.18	21.6	0.0	19.0	17.0
18/10/2010	18:56:00	5.698	0.228	235.37	24.2	0.0	33.0	18.0
18/10/2010	18:58:00	5.818	0.234	236.69	24.6	0.0	34.0	17.0
18/10/2010	19:00:00	5.738	0.104	235.75	24.4	0.0	35.0	18.0
18/10/2010	19:02:00	5.774	0.168	235.35	24.6	0.0	34.0	17.0
18/10/2010	19:04:00	5.94	0.368	235.46	25.2	0.0	33.0	18.0
18/10/2010	19:06:00	5.89	0.356	234.61	25.2	0.0	33.0	18.0
18/10/2010	19:08:00	5.902	0.348	233.69	25.2	0.0	33.0	18.0
18/10/2010	19:10:00	5.778	0.346	233.44	24.8	0.0	32.0	17.0
18/10/2010	19:12:00	5.836	0.372	233.62	25.0	0.0	32.0	17.0
18/10/2010	19:14:00	5.834	0.376	234.67	25.0	0.0	32.0	17.0
18/10/2010	19:15:00	5.038	0.372	235.79	21.4	0.0	17.0	18.0
18/10/2010	19:16:00	5.806	0.378	235.17	24.8	0.0	32.0	18.0
18/10/2010	19:17:00	5.092	0.372	235.97	21.6	0.0	17.0	17.0
18/10/2010	19:18:00	5.888	0.378	235.04	25.0	0.0	33.0	18.0
18/10/2010	19:19:00	5.548	0.364	235.16	23.6	0.0	7.0	17.0
18/10/2010	19:20:00	5.436	0.384	234.61	23.2	0.0	5.0	18.0
18/10/2010	19:21:00	5.422	0.362	235.28	23.0	0.0	4.0	18.0
18/10/2010	19:22:00	5.466	0.39	235.55	23.2	0.0	5.0	17.0
19/10/2010	07:45:00	5.568	0.074	233.81	23.8	0.0	1.0	17.0
19/10/2010	17:56:00	5.308	0.164	235.36	22.4	0.0	72.0	1.0
19/10/2010	17:57:00	5.196	0.178	235.86	22.2	0.0	64.0	5.0
19/10/2010	17:58:00	6.328	0.156	234.84	26.8	0.0	72.0	18.0
19/10/2010	17:59:00	6.492	0.166	233.79	27.6	0.0	71.0	18.0
19/10/2010	18:00:00	5.976	0.154	234.14	25.8	0.0	65.0	18.0
19/10/2010	18:01:00	6.056	0.26	234.22	26.2	0.0	59.0	18.0
19/10/2010	18:02:00	6.338	0.246	234.09	27.2	0.0	69.0	17.0
19/10/2010	18:29:00	5.004	0.702	234.26	21.6	0.0	30.0	17.0
19/10/2010	19:45:00	5.522	0.284	237.76	23.4	1.0	28.0	18.0
19/10/2010	20:14:00	5.054	0.106	239.85	21.0	38.0	1.0	19.0
19/10/2010	20:15:00	5.094	0.112	240.67	21.2	38.0	2.0	18.0
23/10/2010	14:51:00	5.622	0.532	242.0	23.4	60.0	0.0	19.0
23/10/2010	14:52:00	5.502	0.064	241.9	22.6	67.0	0.0	18.0
23/10/2010	14:53:00	5.504	0.062	241.53	22.6	67.0	0.0	19.0
23/10/2010	14:54:00	5.5	0.072	241.46	22.6	66.0	0.0	18.0
23/10/2010	17:20:00	5.916	0.18	236.73	25.0	0.0	67.0	18.0
23/10/2010	17:21:00	6.144	0.152	237.23	25.8	0.0	73.0	18.0
23/10/2010	17:22:00	6.172	0.164	238.07	25.8	0.0	74.0	18.0
23/10/2010	17:23:00	6.218	0.186	238.82	26.0	0.0	74.0	18.0
23/10/2010	17:24:00	6.234	0.166	238.86	26.0	0.0	74.0	18.0
23/10/2010	17:25:00	6.212	0.178	238.28	26.0	0.0	75.0	18.0
23/10/2010	17:26:00	5.438	0.174	239.39	22.8	0.0	62.0	18.0
23/10/2010	17:27:00	5.744	0.186	239.41	24.0	0.0	65.0	18.0
23/10/2010	17:28:00	5.268	0.176	239.71	22.8	0.0	63.0	19.0
23/10/2010	21:01:00	5.614	0.116	238.3	23.4	64.0	0.0	1.0
23/10/2010	21:02:00	5.544	0.122	237.3	23.2	63.0	0.0	0.0
23/10/2010	21:03:00	5.52	0.118	236.26	23.2	63.0	0.0	1.0
23/10/2010	21:04:00	5.53	0.108	236.73	23.2	63.0	0.0	0.0
23/10/2010	21:05:00	5.538	0.1	236.95	23.4	64.0	0.0	1.0
23/10/2010	21:39:00	5.604	0.1	238.1	23.4	64.0	0.0	1.0
24/10/2010	12:21:00	5.39	0.056	237.2	23.0	0.0	64.0	18.0
24/10/2010	12:22:00	5.864	0.07	238.77	24.4	0.0	73.0	18.0
24/10/2010	12:23:00	5.382	0.048	239.31	22.8	0.0	65.0	18.0
24/10/2010	12:24:00	5.884	0.096	238.37	24.6	0.0	73.0	18.0
24/10/2010	12:26:00	5.602	0.096	238.09	23.6	0.0	67.0	18.0
24/10/2010	12:27:00	5.41	0.09	237.59	22.8	0.0	67.0	18.0
24/10/2010	12:28:00	5.022	0.098	238.26	21.2	0.0	57.0	18.0
24/10/2010	12:29:00	5.686	0.086	237.56	24.0	0.0	71.0	18.0
24/10/2010	12:31:00	5.828	0.09	238.8	24.4	0.0	71.0	18.0
24/10/2010	13:54:00	5.372	0.084	239.19	22.6	1.0	63.0	18.0
24/10/2010	13:55:00	5.848	0.086	238.37	24.4	1.0	73.0	18.0
24/10/2010	13:56:00	5.372	0.08	239.18	22.6	1.0	65.0	18.0
24/10/2010	13:58:00	5.546	0.092	240.05	23.2	1.0	66.0	19.0
24/10/2010	13:59:00	5.196	0.1	240.17	21.6	1.0	64.0	18.0
24/10/2010	14:00:00	5.274	0.094	240.33	22.0	1.0	62.0	18.0
24/10/2010	14:01:00	5.394	0.258	239.52	22.6	1.0	65.0	19.0
24/10/2010	14:02:00	5.316	0.322	239.02	22.4	1.0	60.0	18.0
24/10/2010	14:03:00	5.338	0.332	238.72	22.4	2.0	64.0	18.0
24/10/2010	14:04:00	5.378	0.324	239.44	22.6	1.0	61.0	18.0
24/10/2010	14:13:00	5.286	0.278	241.86	22.2	0.0	33.0	18.0
24/10/2010	14:27:00	5.776	0.162	241.62	24.2	39.0	23.0	19.0
24/10/2010	14:28:00	6.172	0.15	241.19	25.8	38.0	35.0	18.0
24/10/2010	14:30:00	5.286	0.122	242.09	22.2	39.0	15.0	18.0
24/10/2010	14:31:00	5.692	0.114	241.98	23.6	38.0	30.0	19.0
24/10/2010	14:32:00	5.412	0.104	242.97	22.6	39.0	20.0	19.0
24/10/2010	14:34:00	5.258	0.106	243.23	21.8	39.0	19.0	19.0
24/10/2010	14:35:00	5.92	0.194	242.58	24.4	38.0	36.0	19.0
24/10/2010	14:37:00	5.538	0.416	243.28	23.2	39.0	13.0	19.0
24/10/2010	14:38:00	5.834	0.402	243.17	24.2	32.0	30.0	18.0
25/10/2010	08:02:00	5.422	0.0	237.24	22.8	0.0	0.0	18.0
28/10/2010	19:01:00	5.294	0.87	239.65	22.4	0.0	37.0	11.0
28/10/2010	19:02:00	5.272	0.83	239.36	22.2	0.0	36.0	11.0
30/10/2010	11:08:00	5.016	0.55	237.94	21.6	32.0	0.0	18.0
30/10/2010	20:44:00	5.02	0.19	241.36	21.4	42.0	0.0	18.0
3/11/2010	21:44:00	5.026	0.046	238.63	21.0	0.0	37.0	18.0
4/11/2010	08:16:00	5.09	0.0	236.0	22.0	1.0	56.0	17.0
4/11/2010	08:17:00	5.49	0.0	235.66	23.4	1.0	64.0	18.0
4/11/2010	08:18:00	5.792	0.064	235.12	24.6	1.0	73.0	17.0
4/11/2010	08:19:00	5.828	0.048	235.89	24.6	2.0	72.0	18.0
4/11/2010	08:20:00	5.848	0.066	236.18	24.6	1.0	73.0	18.0
4/11/2010	08:21:00	5.884	0.052	237.2	24.8	1.0	74.0	18.0
4/11/2010	08:22:00	6.13	0.072	237.62	25.8	1.0	73.0	18.0
4/11/2010	08:23:00	6.0	0.064	239.1	25.0	1.0	75.0	18.0
4/11/2010	08:24:00	6.002	0.082	239.77	25.0	2.0	75.0	18.0
4/11/2010	08:25:00	6.052	0.154	239.24	25.2	1.0	74.0	18.0
4/11/2010	08:26:00	6.054	0.206	238.68	25.2	1.0	75.0	18.0
4/11/2010	08:27:00	6.076	0.194	239.34	25.4	1.0	74.0	18.0
4/11/2010	08:28:00	6.084	0.218	239.37	25.4	1.0	75.0	19.0
4/11/2010	08:29:00	6.038	0.23	239.17	25.2	1.0	75.0	18.0
4/11/2010	08:30:00	6.08	0.224	239.58	25.4	1.0	74.0	18.0
4/11/2010	08:31:00	6.294	0.098	239.59	26.4	3.0	75.0	18.0
4/11/2010	08:32:00	8.126	0.09	237.71	34.0	38.0	74.0	18.0
4/11/2010	08:33:00	8.026	0.066	236.45	33.8	37.0	73.0	18.0
4/11/2010	08:34:00	8.07	0.086	237.04	34.0	37.0	73.0	18.0
4/11/2010	08:35:00	8.068	0.07	237.41	33.8	38.0	74.0	18.0
4/11/2010	08:36:00	7.834	0.116	237.39	33.0	37.0	71.0	17.0
4/11/2010	08:37:00	5.944	0.088	238.64	24.8	38.0	38.0	19.0
4/11/2010	08:38:00	5.952	0.106	238.67	24.8	37.0	38.0	18.0
4/11/2010	08:39:00	5.954	0.09	238.95	24.8	38.0	37.0	18.0
4/11/2010	08:40:00	5.936	0.106	238.38	24.8	38.0	38.0	18.0
4/11/2010	08:41:00	5.918	0.086	238.24	24.8	37.0	38.0	18.0
4/11/2010	08:42:00	5.912	0.102	237.97	24.8	38.0	37.0	18.0
4/11/2010	10:00:00	5.978	0.192	234.91	25.4	37.0	33.0	18.0
4/11/2010	10:01:00	5.742	0.194	235.01	24.6	36.0	34.0	17.0
4/11/2010	10:02:00	6.026	0.168	234.52	25.8	10.0	60.0	18.0
4/11/2010	10:03:00	5.726	0.284	234.1	24.6	0.0	72.0	17.0
4/11/2010	10:04:00	5.514	0.268	234.42	23.6	0.0	64.0	18.0
4/11/2010	10:05:00	5.86	0.304	235.04	24.8	0.0	73.0	17.0
4/11/2010	10:06:00	5.834	0.302	234.48	24.8	1.0	73.0	18.0
4/11/2010	10:07:00	5.956	0.418	234.55	25.4	0.0	72.0	17.0
4/11/2010	10:08:00	6.02	0.458	234.7	25.6	0.0	73.0	18.0
4/11/2010	10:09:00	6.036	0.47	234.92	25.6	0.0	73.0	17.0
4/11/2010	10:10:00	6.05	0.452	235.46	25.6	0.0	73.0	18.0
4/11/2010	10:11:00	6.068	0.466	235.66	25.8	0.0	74.0	17.0
4/11/2010	10:12:00	6.048	0.444	235.49	25.6	0.0	73.0	18.0
4/11/2010	10:13:00	5.702	0.46	235.36	24.4	0.0	71.0	17.0
4/11/2010	11:08:00	5.63	0.048	236.02	23.8	0.0	69.0	17.0
4/11/2010	11:09:00	5.71	0.064	235.49	24.2	0.0	73.0	18.0
4/11/2010	11:10:00	5.746	0.056	235.55	24.4	0.0	73.0	18.0
4/11/2010	11:11:00	5.752	0.068	236.43	24.2	0.0	74.0	17.0
4/11/2010	11:12:00	5.814	0.122	236.15	24.6	0.0	73.0	18.0
4/11/2010	11:13:00	5.91	0.348	236.37	25.0	0.0	74.0	18.0
4/11/2010	11:14:00	5.962	0.4	236.06	25.2	0.0	74.0	17.0
4/11/2010	11:15:00	6.024	0.48	236.26	25.4	0.0	73.0	18.0
4/11/2010	11:16:00	6.01	0.418	236.78	25.4	0.0	74.0	18.0
4/11/2010	11:17:00	5.95	0.292	236.88	25.0	0.0	74.0	18.0
4/11/2010	11:18:00	5.932	0.274	236.75	25.0	0.0	74.0	18.0
4/11/2010	12:31:00	5.026	0.38	237.57	21.2	0.0	74.0	0.0
4/11/2010	12:32:00	5.034	0.374	238.13	21.2	0.0	74.0	1.0
4/11/2010	12:33:00	5.032	0.374	237.97	21.2	0.0	74.0	1.0
4/11/2010	12:34:00	5.032	0.364	237.87	21.2	0.0	75.0	0.0
4/11/2010	12:35:00	5.002	0.36	237.16	21.0	0.0	73.0	1.0
4/11/2010	12:36:00	5.014	0.356	237.52	21.0	0.0	74.0	1.0
4/11/2010	12:37:00	5.014	0.358	237.52	21.0	0.0	74.0	0.0
4/11/2010	13:35:00	5.272	0.288	237.86	23.0	0.0	62.0	12.0
4/11/2010	13:36:00	5.978	0.3	236.45	25.2	0.0	74.0	18.0
4/11/2010	13:37:00	5.946	0.276	236.37	25.0	0.0	73.0	18.0
4/11/2010	13:38:00	5.918	0.284	236.0	25.0	0.0	74.0	18.0
4/11/2010	13:39:00	5.83	0.174	235.83	24.6	0.0	73.0	18.0
4/11/2010	13:40:00	5.848	0.188	235.82	24.8	0.0	74.0	18.0
4/11/2010	13:41:00	5.892	0.176	236.89	24.8	0.0	75.0	18.0
4/11/2010	13:42:00	5.888	0.192	236.68	24.8	0.0	74.0	18.0
4/11/2010	13:43:00	5.884	0.174	236.82	24.8	0.0	74.0	17.0
4/11/2010	13:44:00	5.912	0.194	237.28	24.8	0.0	75.0	18.0
4/11/2010	13:45:00	5.91	0.176	237.46	24.8	0.0	75.0	18.0
4/11/2010	18:47:00	5.202	0.624	236.31	22.2	42.0	1.0	11.0
4/11/2010	18:48:00	5.208	0.632	236.0	22.2	47.0	2.0	12.0
4/11/2010	18:49:00	5.034	0.51	236.56	21.4	48.0	1.0	10.0
4/11/2010	19:14:00	5.748	0.472	236.68	24.8	21.0	36.0	1.0
4/11/2010	19:15:00	6.458	0.448	234.81	27.8	37.0	26.0	1.0
4/11/2010	19:16:00	6.696	0.432	233.72	28.8	40.0	35.0	0.0
4/11/2010	19:17:00	5.488	0.472	235.26	23.8	18.0	35.0	1.0
4/11/2010	19:18:00	5.308	0.486	236.02	22.8	10.0	36.0	0.0
4/11/2010	19:19:00	5.856	0.494	235.59	25.4	20.0	35.0	1.0
4/11/2010	19:20:00	6.184	0.638	235.97	26.8	23.0	35.0	1.0
4/11/2010	19:21:00	5.924	0.642	236.49	25.6	19.0	36.0	0.0
4/11/2010	19:22:00	5.54	0.312	236.26	23.8	16.0	35.0	1.0
4/11/2010	19:23:00	5.638	0.212	236.06	24.4	16.0	36.0	1.0
4/11/2010	19:24:00	5.544	0.184	236.04	23.8	17.0	35.0	0.0
4/11/2010	19:25:00	5.536	0.19	236.21	23.8	18.0	36.0	1.0
4/11/2010	19:26:00	5.058	0.17	237.66	21.8	19.0	36.0	0.0
4/11/2010	19:27:00	5.224	0.17	237.97	22.4	15.0	36.0	11.0
4/11/2010	19:28:00	5.294	0.2	234.95	23.0	13.0	34.0	19.0
4/11/2010	19:38:00	5.154	0.25	233.18	22.6	28.0	16.0	17.0
4/11/2010	19:39:00	6.406	0.144	232.57	27.8	34.0	31.0	17.0
4/11/2010	19:42:00	5.15	0.188	233.78	22.8	14.0	32.0	18.0
4/11/2010	19:44:00	5.238	0.278	234.11	23.0	14.0	34.0	17.0
4/11/2010	20:15:00	6.152	0.204	234.22	26.6	53.0	0.0	1.0
4/11/2010	20:16:00	5.788	0.31	235.29	24.8	53.0	0.0	0.0
4/11/2010	20:17:00	5.702	0.294	235.58	24.4	54.0	0.0	1.0
4/11/2010	20:18:00	5.204	0.22	236.02	22.2	54.0	0.0	0.0
4/11/2010	20:19:00	5.798	0.2	235.26	25.0	53.0	0.0	1.0
4/11/2010	20:20:00	5.222	0.184	236.13	22.2	54.0	1.0	1.0
4/11/2010	20:29:00	5.032	0.184	235.53	21.4	53.0	0.0	1.0
4/11/2010	20:30:00	5.004	0.17	235.57	21.4	53.0	0.0	1.0
4/11/2010	20:35:00	5.696	0.058	237.11	24.2	63.0	0.0	1.0
4/11/2010	20:36:00	6.292	0.0	234.87	27.0	76.0	0.0	0.0
4/11/2010	20:37:00	6.572	0.056	235.76	28.0	80.0	0.0	1.0
4/11/2010	20:38:00	6.562	0.142	235.72	28.0	80.0	0.0	1.0
4/11/2010	20:39:00	6.672	0.15	236.7	28.2	80.0	1.0	0.0
4/11/2010	20:40:00	6.626	0.146	237.24	27.8	81.0	0.0	1.0
4/11/2010	20:41:00	5.954	0.158	237.58	25.4	72.0	0.0	1.0
4/11/2010	20:42:00	5.596	0.156	237.82	24.0	60.0	0.0	0.0
4/11/2010	20:43:00	6.598	0.152	236.7	27.8	80.0	0.0	1.0
4/11/2010	20:44:00	6.576	0.146	236.65	27.8	79.0	0.0	0.0
4/11/2010	20:46:00	5.784	0.156	237.06	24.8	70.0	0.0	1.0
5/11/2010	07:01:00	5.374	0.25	241.7	22.6	0.0	1.0	18.0
5/11/2010	07:03:00	5.196	0.26	242.38	21.6	0.0	1.0	19.0
8/11/2010	19:58:00	5.51	0.0	232.96	23.6	0.0	1.0	17.0
8/11/2010	19:59:00	5.458	0.066	232.44	23.4	0.0	0.0	18.0
8/11/2010	20:00:00	5.254	0.066	232.49	22.6	0.0	0.0	17.0
9/11/2010	20:30:00	5.012	0.0	230.8	22.6	29.0	2.0	17.0
9/11/2010	20:31:00	5.644	0.162	231.28	25.2	31.0	1.0	17.0
9/11/2010	20:32:00	5.07	0.09	230.96	22.4	30.0	1.0	17.0
9/11/2010	20:33:00	5.162	0.112	230.2	22.6	30.0	2.0	17.0
10/11/2010	07:55:00	5.372	0.066	235.17	23.0	0.0	0.0	18.0
10/11/2010	09:56:00	5.23	0.078	232.5	22.8	36.0	23.0	17.0
10/11/2010	09:57:00	5.73	0.078	231.18	24.8	35.0	36.0	17.0
10/11/2010	09:58:00	5.25	0.056	231.77	22.8	36.0	28.0	17.0
10/11/2010	09:59:00	6.694	0.142	229.71	29.4	35.0	49.0	17.0
10/11/2010	10:00:00	7.234	0.166	229.99	31.6	35.0	62.0	17.0
10/11/2010	10:01:00	7.61	0.172	228.95	33.2	35.0	70.0	16.0
10/11/2010	10:02:00	7.618	0.168	229.23	33.2	34.0	69.0	17.0
10/11/2010	10:03:00	7.638	0.174	229.62	33.2	35.0	70.0	17.0
10/11/2010	10:04:00	7.62	0.168	229.47	33.2	35.0	70.0	16.0
10/11/2010	10:05:00	7.59	0.168	228.79	33.0	35.0	70.0	17.0
10/11/2010	10:06:00	6.902	0.162	228.74	30.4	25.0	69.0	17.0
10/11/2010	10:07:00	5.59	0.172	229.72	24.2	0.0	71.0	17.0
10/11/2010	10:08:00	5.578	0.166	230.01	24.2	0.0	70.0	16.0
10/11/2010	10:09:00	5.576	0.174	229.7	24.2	0.0	70.0	17.0
10/11/2010	10:10:00	5.568	0.194	229.46	24.2	1.0	71.0	17.0
10/11/2010	10:11:00	5.604	0.186	230.38	24.2	0.0	70.0	17.0
10/11/2010	10:12:00	5.132	0.268	230.86	22.4	0.0	63.0	17.0
10/11/2010	11:13:00	5.506	0.054	230.64	23.8	0.0	70.0	17.0
10/11/2010	11:14:00	5.024	0.048	230.95	22.0	0.0	63.0	17.0
10/11/2010	11:15:00	5.554	0.096	230.81	24.0	0.0	71.0	17.0
10/11/2010	11:16:00	5.606	0.172	230.64	24.2	0.0	70.0	17.0
10/11/2010	11:17:00	5.532	0.168	229.03	24.0	0.0	70.0	16.0
10/11/2010	11:18:00	5.562	0.156	228.61	24.2	0.0	70.0	17.0
10/11/2010	11:19:00	5.594	0.156	228.76	24.4	0.0	69.0	17.0
10/11/2010	11:20:00	5.648	0.156	230.05	24.4	0.0	71.0	16.0
10/11/2010	11:21:00	5.7	0.164	231.31	24.6	0.0	71.0	17.0
10/11/2010	11:22:00	5.688	0.158	231.1	24.6	0.0	71.0	17.0
10/11/2010	11:23:00	5.656	0.16	230.24	24.4	0.0	71.0	17.0
10/11/2010	11:24:00	5.702	0.158	231.41	24.6	0.0	71.0	17.0
10/11/2010	11:25:00	5.55	0.168	231.94	24.0	0.0	72.0	17.0
11/11/2010	15:32:00	5.506	0.0	234.32	23.4	37.0	35.0	0.0
11/11/2010	15:34:00	5.28	0.0	234.34	22.6	37.0	30.0	0.0
11/11/2010	19:57:00	5.204	0.204	229.58	22.6	0.0	0.0	16.0
11/11/2010	19:58:00	5.088	0.176	230.13	22.0	0.0	0.0	17.0
13/11/2010	16:37:00	5.012	0.254	234.12	21.4	36.0	0.0	17.0
13/11/2010	16:38:00	5.02	0.278	234.52	21.4	37.0	0.0	17.0
15/11/2010	07:48:00	5.086	0.0	233.29	21.8	0.0	31.0	17.0
15/11/2010	07:49:00	7.656	0.108	230.68	33.2	0.0	36.0	16.0
15/11/2010	07:50:00	6.41	0.102	232.39	28.2	0.0	36.0	17.0
15/11/2010	12:03:00	5.172	0.208	230.71	22.6	0.0	61.0	17.0
15/11/2010	12:04:00	5.642	0.204	230.32	24.4	0.0	69.0	16.0
15/11/2010	12:05:00	5.65	0.212	230.44	24.4	0.0	69.0	16.0
15/11/2010	12:06:00	5.618	0.202	229.87	24.4	0.0	69.0	16.0
15/11/2010	12:07:00	5.62	0.206	229.85	24.4	0.0	68.0	17.0
15/11/2010	12:08:00	5.602	0.196	229.28	24.4	0.0	69.0	16.0
15/11/2010	12:09:00	5.726	0.144	229.93	24.8	0.0	69.0	16.0
15/11/2010	12:10:00	5.702	0.0	230.12	24.6	0.0	69.0	16.0
15/11/2010	12:11:00	5.678	0.0	229.52	24.6	0.0	68.0	16.0
15/11/2010	12:12:00	5.704	0.0	230.24	24.6	0.0	69.0	17.0
15/11/2010	12:13:00	5.74	0.0	231.02	24.8	0.0	70.0	16.0
15/11/2010	12:14:00	5.194	0.0	230.98	22.8	0.0	63.0	16.0
15/11/2010	20:47:00	5.054	0.076	238.14	21.2	37.0	0.0	17.0
15/11/2010	20:48:00	5.114	0.072	236.19	21.6	37.0	0.0	18.0
17/11/2010	07:57:00	5.234	0.098	235.31	22.4	0.0	1.0	17.0
20/11/2010	18:13:00	5.182	0.06	231.78	22.2	0.0	35.0	16.0
20/11/2010	18:15:00	5.076	0.06	231.13	21.8	0.0	35.0	16.0
20/11/2010	18:17:00	7.046	0.07	229.0	30.6	0.0	66.0	16.0
20/11/2010	18:18:00	7.158	0.08	229.73	31.0	0.0	68.0	16.0
20/11/2010	18:19:00	7.118	0.07	229.26	31.0	0.0	69.0	16.0
20/11/2010	18:20:00	7.114	0.082	229.43	31.0	0.0	68.0	16.0
20/11/2010	18:21:00	8.394	0.0	227.83	37.2	17.0	68.0	16.0
20/11/2010	18:22:00	9.724	0.062	226.47	43.0	43.0	67.0	16.0
20/11/2010	18:23:00	9.656	0.068	225.43	42.8	44.0	67.0	16.0
20/11/2010	18:24:00	9.63	0.058	225.32	42.8	43.0	66.0	15.0
20/11/2010	18:25:00	9.648	0.066	225.41	42.8	44.0	67.0	16.0
20/11/2010	18:26:00	9.694	0.066	226.05	42.8	43.0	67.0	16.0
20/11/2010	18:27:00	8.6	0.09	226.94	38.2	44.0	51.0	16.0
20/11/2010	18:28:00	6.882	0.186	229.77	30.4	30.0	35.0	16.0
20/11/2010	18:29:00	6.18	0.306	229.92	27.2	13.0	35.0	16.0
20/11/2010	18:30:00	6.62	0.314	229.0	29.2	18.0	34.0	16.0
20/11/2010	18:31:00	6.83	0.394	229.39	30.2	24.0	34.0	16.0
20/11/2010	18:32:00	6.71	0.376	229.28	29.6	25.0	35.0	17.0
20/11/2010	18:33:00	6.262	0.382	229.72	27.6	13.0	35.0	16.0
20/11/2010	18:34:00	6.266	0.36	229.82	27.6	14.0	35.0	16.0
20/11/2010	18:35:00	6.784	0.364	228.38	30.0	21.0	35.0	16.0
20/11/2010	18:36:00	6.574	0.382	229.87	29.0	19.0	35.0	16.0
20/11/2010	18:37:00	6.31	0.412	229.89	27.8	15.0	35.0	16.0
20/11/2010	18:38:00	6.302	0.376	229.65	27.8	15.0	34.0	17.0
20/11/2010	18:39:00	6.362	0.372	229.83	28.0	16.0	35.0	16.0
20/11/2010	18:40:00	6.416	0.35	229.72	28.2	16.0	35.0	16.0
20/11/2010	18:41:00	6.282	0.36	229.21	27.8	14.0	35.0	16.0
20/11/2010	18:42:00	6.238	0.344	229.37	27.6	14.0	35.0	16.0
20/11/2010	18:43:00	6.324	0.376	229.93	27.8	14.0	35.0	17.0
20/11/2010	18:44:00	6.374	0.392	228.52	28.2	15.0	36.0	16.0
20/11/2010	18:45:00	6.564	0.43	228.43	29.0	13.0	40.0	16.0
20/11/2010	18:46:00	6.438	0.308	229.26	28.4	13.0	39.0	16.0
20/11/2010	18:47:00	6.0	0.246	229.5	26.4	9.0	40.0	16.0
20/11/2010	18:48:00	5.8	0.222	230.24	25.4	8.0	40.0	16.0
20/11/2010	18:49:00	6.21	0.174	228.82	27.4	21.0	34.0	17.0
20/11/2010	18:50:00	5.998	0.144	230.28	26.8	22.0	30.0	16.0
20/11/2010	18:51:00	5.292	0.166	231.07	23.2	21.0	18.0	16.0
20/11/2010	18:52:00	6.364	0.126	229.38	28.2	17.0	34.0	16.0
20/11/2010	18:53:00	5.226	0.162	230.28	23.2	18.0	20.0	17.0
20/11/2010	18:54:00	5.084	0.144	230.77	22.4	27.0	5.0	16.0
20/11/2010	19:03:00	5.33	0.328	228.26	23.6	34.0	1.0	16.0
20/11/2010	19:04:00	5.226	0.326	228.57	23.2	36.0	2.0	16.0
20/11/2010	19:05:00	5.428	0.35	229.09	23.8	38.0	1.0	16.0
20/11/2010	19:23:00	5.368	0.394	230.87	23.6	26.0	2.0	16.0
22/11/2010	11:42:00	5.344	0.306	236.15	23.0	14.0	1.0	18.0
22/11/2010	11:43:00	5.296	0.308	235.67	22.8	13.0	2.0	17.0
22/11/2010	18:34:00	5.938	0.05	232.1	26.0	50.0	0.0	0.0
22/11/2010	18:35:00	5.656	0.058	232.17	24.8	53.0	0.0	0.0
22/11/2010	18:36:00	5.586	0.102	231.6	24.4	51.0	0.0	0.0
22/11/2010	18:37:00	5.476	0.15	231.23	24.0	49.0	0.0	0.0
22/11/2010	18:38:00	5.928	0.148	231.08	26.0	57.0	0.0	0.0
22/11/2010	18:39:00	5.454	0.152	231.73	23.8	50.0	0.0	0.0
22/11/2010	18:40:00	5.408	0.15	231.5	23.6	48.0	0.0	0.0
22/11/2010	18:41:00	5.528	0.144	232.48	24.6	53.0	0.0	0.0
24/11/2010	07:50:00	5.172	0.05	235.18	22.0	0.0	38.0	17.0
24/11/2010	07:51:00	5.75	0.0	234.4	24.6	0.0	39.0	17.0
25/11/2010	07:21:00	5.074	0.24	238.55	21.4	1.0	2.0	18.0
