22/2/2009	17:09:00	11.122	0.174	229.78	48.4	35.0	69.0	16.0
4/3/2007	19:34:00	10.67	0.516	230.2	46.4	37.0	69.0	16.0
4/3/2007	19:33:00	10.65	0.5	229.97	46.4	36.0	70.0	17.0
22/2/2009	17:08:00	10.536	0.192	230.24	45.8	23.0	69.0	16.0
30/11/2008	20:19:00	10.348	0.084	231.6	44.6	36.0	71.0	16.0
19/10/2008	01:24:00	10.29	0.302	230.9	44.6	35.0	66.0	17.0
27/1/2008	19:24:00	10.162	0.224	229.16	44.2	71.0	0.0	0.0
4/3/2007	19:32:00	10.154	0.502	229.72	44.4	36.0	61.0	16.0
30/11/2008	20:17:00	10.074	0.06	231.41	43.4	36.0	70.0	16.0
19/10/2008	01:25:00	10.064	0.324	231.48	43.4	36.0	69.0	17.0
