22/2/2009	17:09:00	11.122	0.174	229.78	48.4	35.0	69.0	16.0
4/3/2007	19:34:00	10.67	0.516	230.2	46.4	37.0	69.0	16.0
4/3/2007	19:33:00	10.65	0.5	229.97	46.4	36.0	70.0	17.0
22/2/2009	17:08:00	10.536	0.192	230.24	45.8	23.0	69.0	16.0
30/11/2008	20:19:00	10.348	0.084	231.6	44.6	36.0	71.0	16.0
19/10/2008	01:24:00	10.29	0.302	230.9	44.6	35.0	66.0	17.0
27/1/2008	19:24:00	10.162	0.224	229.16	44.2	71.0	0.0	0.0
4/3/2007	19:32:00	10.154	0.502	229.72	44.4	36.0	61.0	16.0
30/11/2008	20:17:00	10.074	0.06	231.41	43.4	36.0	70.0	16.0
19/10/2008	01:25:00	10.064	0.324	231.48	43.4	36.0	69.0	17.0
30/11/2008	20:18:00	9.994	0.056	231.68	43.0	36.0	70.0	17.0
19/10/2008	01:27:00	9.938	0.282	228.48	43.4	35.0	67.0	17.0
4/3/2007	19:35:00	9.922	0.414	230.17	43.2	34.0	70.0	16.0
24/11/2009	19:37:00	9.732	0.378	231.54	42.0	36.0	69.0	17.0
24/11/2009	19:36:00	9.726	0.37	231.63	42.0	36.0	70.0	17.0
24/11/2009	19:38:00	9.726	0.364	231.61	42.0	36.0	70.0	17.0
20/11/2010	18:22:00	9.724	0.062	226.47	43.0	43.0	67.0	16.0
24/11/2009	19:34:00	9.718	0.256	231.89	41.8	37.0	70.0	17.0
24/11/2009	19:35:00	9.714	0.358	231.41	42.0	36.0	69.0	18.0
24/11/2009	19:39:00	9.708	0.372	231.37	42.0	37.0	69.0	17.0
22/2/2009	17:10:00	9.694	0.198	231.01	43.0	26.0	70.0	17.0
20/11/2010	18:26:00	9.694	0.066	226.05	42.8	43.0	67.0	16.0
23/12/2007	19:29:00	9.686	0.41	231.01	42.0	36.0	64.0	17.0
26/1/2008	19:32:00	9.666	0.866	229.7	42.2	71.0	0.0	16.0
20/11/2010	18:23:00	9.656	0.068	225.43	42.8	44.0	67.0	16.0
26/1/2008	19:54:00	9.652	0.758	227.27	42.6	70.0	0.0	16.0
20/11/2010	18:25:00	9.648	0.066	225.41	42.8	44.0	67.0	16.0
20/11/2010	18:24:00	9.63	0.058	225.32	42.8	43.0	66.0	15.0
26/1/2008	19:33:00	9.628	0.866	229.52	42.0	71.0	0.0	16.0
27/1/2008	19:25:00	9.606	0.23	229.5	42.0	71.0	1.0	0.0